2    -0.5652598738670349 1.0    
3    -0.6347401738166809 0.9122846722602844
4    -0.5568073391914368 0.7959722876548767
5    -0.563163697719574 0.6922868490219116
6    -0.5660252571105957 0.617314875125885
7    -0.5759486556053162 0.5961345434188843
8    -0.6392799615859985 0.572155773639679
9    -0.621073842048645 0.5964335799217224
10   -0.6695519089698792 0.619968056678772
11   -0.6086903214454651 0.6303657293319702
12   -0.6223537921905518 0.6417393088340759
13   -0.6148172616958618 0.6587120890617371
14   -0.6718569397926331 0.6461783051490784
15   -0.6835840940475464 0.6529874205589294
16   -0.6067389249801636 0.6364465355873108
17   -0.575447142124176 0.6363959312438965
18   -0.5750874876976013 0.6365478038787842
19   -0.544622540473938 0.7052913308143616
20   -0.5287926197052002 0.8013091087341309
21   -0.5697296261787415 0.9216596484184265
22   -0.4936821460723877 0.9736125469207764
23   -0.6419332027435303 0.8896190524101257
24   -0.6330525875091553 0.7784163355827332
25   -0.6330024600028992 0.7014850974082947
26   -0.6330525875091553 0.639919638633728
27   -0.6525310277938843 0.6363452672958374
28   -0.6331528425216675 0.6363959312438965
29   -0.6331027150154114 0.6364465355873108
30   -0.6331027150154114 0.6598776578903198
31   -0.6331027150154114 0.6363452672958374
32   -0.6331027150154114 0.6363452672958374
33   -0.6330525875091553 0.6363452672958374
34   -0.6331027150154114 0.6363959312438965
35   -0.6330024600028992 0.6363959312438965
36   -0.6306740045547485 0.6363959312438965
37   -0.6306247711181641 0.6363452672958374
38   -0.6306247711181641 0.6363959312438965
39   -0.6306247711181641 0.6363959312438965
40   -0.6306247711181641 0.6363452672958374
41   -0.6306740045547485 0.6363959312438965
42   -0.6306247711181641 0.6363959312438965
43   -0.6305755376815796 0.6363959312438965
44   -0.6306740045547485 0.6363452672958374
45   -0.6212626695632935 0.6363959312438965
46   -0.6279178857803345 0.6363959312438965
47   -0.6048665642738342 0.6363452672958374
48   -0.616145133972168 0.6374567747116089
49   -0.616145133972168 0.6376042366027832
50   -0.6193427443504333 0.6879708170890808
51   -0.6378509402275085 0.7612533569335938
52   -0.5819588899612427 0.8356122374534607
53   -0.5818629264831543 0.9146608114242554
54   -0.5819109082221985 0.9887195229530334
55   -0.6135126352310181 0.9346669316291809
56   -0.6114847660064697 0.8371519446372986
57   -0.5874239802360535 0.7643816471099854
58   -0.5726547837257385 0.7161157131195068
59   -0.5735771059989929 0.6749780774116516
60   -0.5862805843353271 0.6468020081520081
61   -0.5826948881149292 0.6299200057983398
62   -0.582721471786499 0.6301236152648926
63   -0.584708571434021 0.6378094553947449
64   -0.5931887626647949 0.6461376547813416
65   -0.6002923250198364 0.669079065322876
66   -0.5849366188049316 0.691088080406189
67   -0.5667833685874939 0.7112566232681274
68   -0.5546892881393433 0.7420740127563477
69   -0.5703899264335632 0.7828301787376404
70   -0.5573334693908691 0.8481650352478027
71   -0.5523008704185486 0.9415069818496704
72   -0.5720767378807068 0.9439700245857239
73   -0.5414078235626221 0.8216383457183838
74   -0.5514994859695435 0.723136305809021
75   -0.5366063117980957 0.6134387254714966
76   -0.5289130210876465 0.6180447936058044
77   -0.5325581431388855 0.5975707173347473
78   -0.5849300622940063 0.5783336758613586
79   -0.5630171895027161 0.5867895483970642
80   -0.5548622608184814 0.5867895483970642
81   -0.5436905026435852 0.5868319272994995
82   -0.5464543104171753 0.5868743062019348
83   -0.5437521934509277 0.5868319272994995
84   -0.5438138246536255 0.5868319272994995
85   -0.5436905026435852 0.5868319272994995
86   -0.5437521934509277 0.5867895483970642
87   -0.5436905026435852 0.5868319272994995
88   -0.5436905026435852 0.5868319272994995
89   -0.5455266833305359 0.5867895483970642
90   -0.5455794930458069 0.5779898166656494
91   -0.5455794930458069 0.5779898166656494
92   -0.5454210638999939 0.5780326128005981
93   -0.5454738736152649 0.5780326128005981
94   -0.5455266833305359 0.58396315574646
95   -0.5890841484069824 0.608112633228302
96   -0.589188814163208 0.6080647110939026
97   -0.589188814163208 0.6080167889595032
98   -0.5891364812850952 0.6080167889595032
99   -0.5910322666168213 0.6295861601829529
100  -0.589188814163208 0.6212627291679382
101  -0.6129513382911682 0.6530419588088989
102  -0.589188814163208 0.7161858081817627
103  -0.568848192691803 0.7675800919532776
104  -0.5598040223121643 0.8239740133285522
105  -0.5881909132003784 0.8747565746307373
106  -0.5953075289726257 0.9150839447975159
107  -0.6113107800483704 0.935997724533081
108  -0.614527702331543 0.9270107746124268
109  -0.5821110010147095 0.896639347076416
110  -0.6087387800216675 0.8626881241798401
111  -0.5821110010147095 0.8239162564277649
112  -0.582673966884613 0.7930461764335632
113  -0.5821715593338013 0.7772030234336853
114  -0.6029509902000427 0.7684748768806458
115  -0.5970655083656311 0.7698267698287964
116  -0.5990771055221558 0.7862012386322021
117  -0.5763141512870789 0.8048048615455627
118  -0.592772364616394 0.8382679224014282
119  -0.5971846580505371 0.8819050788879395
120  -0.571337103843689 0.9418653249740601
121  -0.5811014771461487 0.9559711217880249
122  -0.6574246287345886 0.8966391682624817
123  -0.5714467763900757 0.8106746673583984
124  -0.5714467763900757 0.7383370995521545
125  -0.571337103843689 0.6650478839874268
126  -0.5736693143844604 0.6018324494361877
127  -0.5840620994567871 0.653153657913208
128  -0.6419598460197449 0.5973763465881348
129  -0.5804919004440308 0.5975210666656494
130  -0.5773607492446899 0.6684526801109314
131  -0.5644636154174805 0.5974727869033813
132  -0.5445619225502014 0.5974727869033813
133  -0.5919960141181946 0.6059408783912659
134  -0.5599662661552429 0.5974727869033813
135  -0.5450529456138611 0.5974727869033813
136  -0.5503911375999451 0.5974245667457581
137  -0.5503288507461548 0.5974245667457581
138  -0.5503288507461548 0.5974245667457581
139  -0.5503288507461548 0.5974727869033813
140  -0.5502665638923645 0.5974727869033813
141  -0.5503288507461548 0.5974245667457581
142  -0.5502665638923645 0.5975210666656494
143  -0.5503288507461548 0.5974727869033813
144  -0.5507578253746033 0.5935553312301636
145  -0.5503288507461548 0.5935553312301636
146  -0.5503288507461548 0.5874510407447815
147  -0.5503911375999451 0.5873582363128662
148  -0.5502665638923645 0.5873582363128662
149  -0.5890219807624817 0.5873582363128662
150  -0.588961124420166 0.5932003855705261
151  -0.6363115310668945 0.6515446901321411
152  -0.6053681969642639 0.7044587731361389
153  -0.673945963382721 0.7409944534301758
154  -0.5658906102180481 0.7834228277206421
155  -0.5658906102180481 0.8224131464958191
156  -0.5944745540618896 0.860826313495636
157  -0.6137858629226685 0.9006232619285583
158  -0.6289714574813843 0.9432728290557861
159  -0.5906826853752136 0.9577031135559082
160  -0.6274047493934631 0.9421758651733398
161  -0.6347108483314514 0.9140675067901611
162  -0.5860032439231873 0.8826227784156799
163  -0.5501552224159241 0.8641825318336487
164  -0.5502177476882935 0.8599790930747986
165  -0.5502177476882935 0.8655214905738831
166  -0.5945430994033813 0.8800114989280701
167  -0.58934086561203 0.9028517007827759
168  -0.5619757771492004 0.9296862483024597
169  -0.5502177476882935 0.9586554765701294
170  -0.5502177476882935 0.9698944091796875
171  -0.5705426931381226 0.9308075308799744
172  -0.627039909362793 0.860109269618988
173  -0.5456010103225708 0.7937052249908447
174  -0.5456640720367432 0.7345600128173828
175  -0.6359363198280334 0.6765940189361572
176  -0.5710017681121826 0.6278538703918457
177  -0.5823607444763184 0.6044867634773254
178  -0.5485595464706421 0.6044867634773254
179  -0.6316347122192383 0.6044331192970276
180  -0.5739970207214355 0.6099599003791809
181  -0.5426572561264038 0.6099058985710144
182  -0.5426572561264038 0.6099599003791809
183  -0.542594850063324 0.5857251882553101
184  -0.5426572561264038 0.5857676267623901
185  -0.550801157951355 0.5871758460998535
186  -0.5426572561264038 0.587129533290863
187  -0.5427820086479187 0.587129533290863
188  -0.5427820086479187 0.596474289894104
189  -0.5426572561264038 0.596430242061615
190  -0.5502621531486511 0.596474289894104
191  -0.5648086667060852 0.5963861346244812
192  -0.5679144859313965 0.5912522673606873
193  -0.567855954170227 0.5912522673606873
194  -0.6012786030769348 0.5912522673606873
195  -0.5679730176925659 0.5912522673606873
196  -0.5866771936416626 0.5912079811096191
197  -0.5960553288459778 0.5912079811096191
198  -0.6556770205497742 0.5912522673606873
199  -0.6034770607948303 0.5912079811096191
200  -0.7028312683105469 0.6146157383918762
201  -0.6458529233932495 0.6686422824859619
202  -0.5806507468223572 0.7127898931503296
203  -0.5932149887084961 0.7567755579948425
204  -0.5808234214782715 0.7909071445465088
205  -0.5808234214782715 0.830247163772583
206  -0.5807119011878967 0.853154718875885
207  -0.5807676911354065 0.882943332195282
208  -0.6141365170478821 0.9108731150627136
209  -0.6136903166770935 0.9356980323791504
210  -0.6247736215591431 0.9602105617523193
211  -0.6010473966598511 0.9738656282424927
212  -0.6415019631385803 0.9713173508644104
213  -0.6316224932670593 0.9500079154968262
214  -0.5932827591896057 0.9424762725830078
215  -0.5569730401039124 0.9541031718254089
216  -0.5699143409729004 0.9594687223434448
217  -0.5534796118736267 0.9783146381378174
218  -0.5887002944946289 0.9734936952590942
219  -0.5703750252723694 0.9449396133422852
220  -0.6071712970733643 0.887789785861969
221  -0.5416622161865234 0.8407191038131714
222  -0.5416622161865234 0.8028673529624939
223  -0.5416622161865234 0.7599408626556396
224  -0.5393552780151367 0.7161255478858948
225  -0.5913917422294617 0.673875093460083
226  -0.5913479924201965 0.6419177055358887
227  -0.5913042426109314 0.604468047618866
228  -0.5825326442718506 0.6045198440551758
229  -0.625390350818634 0.6045198440551758
230  -0.6825274229049683 0.6045198440551758
231  -0.5802538394927979 0.5581732392311096
232  -0.5745806097984314 0.5757361650466919
233  -0.5745806097984314 0.5757361650466919
234  -0.5810208320617676 0.5758265852928162
235  -0.5596638917922974 0.5757361650466919
236  -0.5597139000892639 0.581426739692688
237  -0.5958029627799988 0.5809394717216492
238  -0.5597639083862305 0.5808953642845154
239  -0.5656757950782776 0.5808953642845154
240  -0.5487425923347473 0.5808511972427368
241  -0.6039240956306458 0.5809394717216492
242  -0.612547755241394 0.5809394717216492
243  -0.5926098823547363 0.5809394717216492
244  -0.5362164378166199 0.578482985496521
245  -0.5154651403427124 0.5628775358200073
246  -0.6089730262756348 0.5628775358200073
247  -0.6523821949958801 0.5898379683494568
248  -0.6589798331260681 0.5728068947792053
249  -0.5795378684997559 0.6371693015098572
250  -0.6304797530174255 0.6844741106033325
251  -0.5794382095336914 0.6854565143585205
252  -0.5995750427246094 0.7254428863525391
253  -0.6306065320968628 0.7691067457199097
254  -0.5794382095336914 0.8110879063606262
255  -0.5793384909629822 0.8612684607505798
256  -0.5793384909629822 0.8891259431838989
257  -0.5793384909629822 0.8958234190940857
258  -0.5793883800506592 0.8956523537635803
259  -0.6087262630462646 0.89225834608078
260  -0.5794382095336914 0.8960824012756348
261  -0.5826107859611511 0.9077749252319336
262  -0.6289504766464233 0.9277911186218262
263  -0.6137623190879822 0.9503971934318542
264  -0.6244615316390991 0.9527101516723633
265  -0.604831337928772 0.9351837635040283
266  -0.5586798191070557 0.9210389256477356
267  -0.5583579540252686 0.9002444744110107
268  -0.5446872115135193 0.8848604559898376
269  -0.5195565819740295 0.8519011735916138
270  -0.5270472168922424 0.8221428990364075
271  -0.5311416983604431 0.7884038686752319
272  -0.5270472168922424 0.7511948943138123
273  -0.5271317362785339 0.7159231901168823
274  -0.5418640375137329 0.6799300312995911
275  -0.551292896270752 0.6411684155464172
276  -0.5454384684562683 0.6049047708511353
277  -0.5435606837272644 0.6006268858909607
278  -0.5426057577133179 0.564723551273346
279  -0.6010830998420715 0.5570353269577026
280  -0.5622552037239075 0.5570852160453796
281  -0.543831467628479 0.6320990324020386
282  -0.5995982885360718 0.5569854378700256
283  -0.5593537092208862 0.5569854378700256
284  -0.6234695315361023 0.5570353269577026
285  -0.5514091849327087 0.5570852160453796
286  -0.5486735105514526 0.5570353269577026
287  -0.5471543073654175 0.5570353269577026
288  -0.5490615367889404 0.5570353269577026
289  -0.5519940257072449 0.5539764761924744
290  -0.5492300987243652 0.5540360808372498
291  -0.5612393021583557 0.5540360808372498
292  -0.6295490860939026 0.544083297252655
293  -0.6223240494728088 0.544083297252655
294  -0.6283654570579529 0.5446738004684448
295  -0.5857706665992737 0.5520603060722351
296  -0.5660853981971741 0.5811713933944702
297  -0.6146384477615356 0.6092380881309509
298  -0.6148279905319214 0.6477015614509583
299  -0.5673747658729553 0.6801552772521973
300  -0.5736984014511108 0.7140852808952332
